# t	x(t)
0	3.0269706303556907
1	-0.8060754827330123
2	-1.8364663425411523
3	-1.278183199872709
4	0.6707991585835341
5	-0.8919615744589554
6	-0.19342159564656977
7	0.5337834143090221
8	0.212546142009025
9	-0.7712889197234393
10	0.36871884503002184
11	-0.6553085566259917
12	-1.2741932561467322
13	0.8184121995391589
14	1.6383157321840212
15	2.5879051307124037
16	-1.0425160767694264
17	1.6307860326998214
18	-2.3678977813860786
19	-1.614943044546773
20	0.7517207279910347
21	-0.5121152357211631
22	-0.044409882215196594
23	-0.02047038582265376
24	0.654395977618013
25	-0.8973148546649135
26	0.07404493259037123
27	-0.6414356381154647
28	-0.5935078701116451
29	0.5231558714421934
30	0.9849244907190008
31	5.141624093998487
32	-4.077786345900619
33	2.1823192322741303
34	-1.8806687653408412
35	-1.4688629310498016
36	0.14046784642358823
37	-0.13803982158480407
38	0.35841685788631905
39	-0.4853710602614809
40	0.6348629043262275
41	-0.5357004518951747
42	-0.38659885428419655
43	-0.8833774121604779
44	0.32755937938086543
45	0.6476426487057678
46	0.04241319502385241
47	6.255210494698857
48	-4.442438475889437
49	0.8494294493425811
50	-1.2398913404260292
51	-0.6624322028902803
52	-0.612456510196913
53	-0.05207217710007478
54	0.72132349727569
55	-0.5109946206426248
56	0.1333216973629932
57	0.021123567656242986
58	-0.6838492789941537
59	-1.2659148023342037
60	0.9466524352332003
61	1.2107525541431245
62	-0.08882025962672128
63	4.723604550722382
64	-2.305319323740759
65	-1.0926593897123782
66	-1.1287355169186828
67	0.32884752210449153
68	-0.9446390858978889
69	-0.16281928777733815
70	0.7124005797553579
71	-0.08031803233301299
72	-0.523512851452629
73	0.3624849339643801
74	-0.7019106474994772
75	-1.4066442354845077
76	0.9729065354641862
77	1.6619647975295344
78	1.3510489342162824
79	1.0324078879530378
80	0.5689908338249738
81	-2.261386527968814
82	-1.4688726897147322
83	0.8155118278196651
84	-0.7315836747308561
85	-0.159171199830988
86	0.276599940531986
87	0.4722842221553493
88	-0.9005885604315257
89	0.2650740840221644
90	-0.6236497472574206
91	-0.9974503355615227
92	0.6452274398529891
93	1.4040238035492294
94	3.9136374596715617
95	-2.8101251409886765
96	2.178690975616629
97	-2.2071194027246706
98	-1.6306562222799224
99	0.5087164530817156
100	-0.30080664350692604
101	0.13641016026361813
102	-0.28891199830931885
103	0.7131260930432434
104	-0.7674735710661416
105	-0.15575397450274123
106	-0.727691799050026
107	-0.13383209372770857
108	0.5155784978170017
109	0.49116355685872526
110	5.979457344738004
111	-4.628772201522305
112	1.6971898434920276
113	-1.5256211332790093
114	-1.135275307625217
115	-0.25600424135049327
116	-0.056432704419546884
117	0.5670712334121605
118	-0.5636114432499895
119	0.43284027679677906
120	-0.2579517629619569
121	-0.5688180667664382
122	-1.0757545879320152
123	0.7010173813623369
124	0.8960369184606021
125	-0.19213641695007677
126	5.842418663672885
127	-3.612621883198339
128	-0.13460910274152968
129	-1.104279342365632
130	-0.1491213289750272
131	-0.8501512743111478
132	-0.10054852697705302
133	0.775829482942602
134	-0.340345700720616
135	-0.20077541148429146
136	0.2383170963705472
137	-0.7221560490555555
138	-1.3916038441434602
139	1.0313370145271932
140	1.4931974552366025
141	0.42159871288511547
142	3.0656635911328256
143	-0.8364116103228427
144	-1.8243130647604007
145	-1.274395335840099
146	0.6656850744894875
147	-0.8943022103692484
148	-0.19337210181903952
149	0.5383812718657909
150	0.20669027579480875
151	-0.7673243585582633
152	0.36977130545188064
153	-0.6562455296221106
154	-1.2784207032953485
155	0.822030801792037
156	1.6409664516190532
157	2.560939360610113
158	-1.0021937624558797
159	1.613945060716831
160	-2.3687496497309506
161	-1.6130564640089207
162	0.7550213705923567
163	-0.5167156803679089
164	-0.0475083836252297
165	-0.014487105506561043
166	0.6518345729932735
167	-0.8987395951159527
168	0.0785077273041136
169	-0.6404046212186274
170	-0.6025710545509586
171	0.5246364063320461
172	0.9946753854395446
173	5.1196877829488106
174	-4.058806444373048
175	2.187606912378075
176	-1.888066087401918
177	-1.4740108335772666
178	0.14858955931977708
179	-0.1405852583212911
180	0.3538401503070794
181	-0.4824632963238425
182	0.6378087260904981
183	-0.5410952374780853
184	-0.3822536313302187
185	-0.8796869129845107
186	0.3187910586238276
187	0.6436130367340449
188	0.049915397353720276
189	6.2563972062991136
190	-4.453340503849242
191	0.8688742859776719
192	-1.2443532130754011
193	-0.6728374142907603
194	-0.6062023131891805
195	-0.05150185194093643
196	0.7190798417226113
197	-0.5133601828254111
198	0.13999966634286576
199	0.01588262268738258
200	-0.6823011797648335
201	-1.262492819756626
202	0.9432549822131213
203	1.2043206345023445
204	-0.09497309482780714
205	4.752632160279701
206	-2.3346953222749858
207	-1.0749112254529414
208	-1.1267844275630974
209	0.3202490028703803
210	-0.944254469289775
211	-0.16172931049993167
212	0.7148903634253789
213	-0.08611339310948607
214	-0.5175456751285586
215	0.36111440615483414
216	-0.7027160708535922
217	-1.4077343166510647
218	0.975264319436705
219	1.6602762115197447
220	1.328659045188502
221	1.0750935218564568
222	0.5432071490246081
223	-2.2558902500134126
224	-1.465094170841256
225	0.8146146892213105
226	-0.7356513242968572
227	-0.16065435893371283
228	0.28244427761205015
229	0.46756355962029295
230	-0.8992195213228428
231	0.2681747006317362
232	-0.6239135382738451
233	-1.0045120996487666
234	0.648515132408807
235	1.410858792113695
236	3.8866008558423495
237	-2.778087728070388
238	2.1728303790614327
239	-2.212455749829043
240	-1.631989864165891
241	0.5151821100228381
242	-0.3047893135719526
243	0.13216481816649253
244	-0.2839587172799917
245	0.7132583084255973
246	-0.7712680432697898
247	-0.15088334604232545
248	-0.7251939431679666
249	-0.14351582036310853
250	0.5143781202426185
251	0.5013482419484458
252	5.967249985847319
253	-4.6248102123790025
254	1.711285988626967
255	-1.5325324317344855
