# x	diff(x)
0	-0.0000000000000015543122344752192
1	0.0000000000000006661338147750939
2	0.000000000000004218847493575595
3	0.000000000000003774758283725532
4	0.000000000000005551115123125783
5	-0.000000000000007993605777301127
6	0.00000000000000843769498715119
7	-0.00000000000000843769498715119
8	0.00000000000002042810365310288
9	0.00000000000002220446049250313
10	0.000000000000029753977059954195
11	-0.000000000000026201263381153694
12	0.000000000000038191672047105385
13	0.00000000000006572520305780927
14	0
15	-0.00000000000009947598300641403
16	0.00000000000009947598300641403
17	0.00000000000010658141036401503
18	-0.000000000000023092638912203256
19	-0.00000000000003730349362740526
20	-0.00000000000002042810365310288
21	0.000000000000009769962616701378
22	-0.00000000000004618527782440651
23	0.000000000000032862601528904634
24	0.00000000000001865174681370263
25	-0.00000000000006750155989720952
26	0.0000000000001376676550535194
27	0.000000000000009769962616701378
28	0.00000000000018118839761882555
29	-0.00000000000002375877272697835
30	-0.0000000000000808242361927114
31	0.00000000000009325873406851315
32	0.00000000000011013412404281553
33	-0.000000000000053290705182007514
34	-0.00000000000011368683772161603
35	-0.000000000000051514348342607263
36	-0.000000000000006217248937900877
37	-0.00000000000007283063041541027
38	-0.00000000000018562928971732617
39	0.0000000000000026645352591003757
40	-0.0000000000000914823772291129
41	-0.00000000000021538326677728037
42	0.00000000000011324274851176597
43	0.0000000000002402522625288839
44	-0.00000000000005861977570020827
45	-0.0000000000001305622276959184
46	-0.0000000000001532107773982716
47	0.000000000000148991929904696
48	0.00000000000015898393712632242
49	0.00000000000016342482922482304
50	-0.000000000000003552713678800501
51	0.00000000000035704772471945034
52	0.00000000000011901590823981678
53	0.000000000000009769962616701378
54	-0.00000000000002220446049250313
55	-0.00000000000004440892098500626
56	-0.00000000000024158453015843406
57	-0.00000000000011013412404281553
58	0.00000000000004796163466380676
59	-0.00000000000010480505352461478
60	0.00000000000008171241461241152
61	0.000000000000014210854715202004
62	-0.0000000000004511946372076636
63	0.0000000000001794120407794253
64	0.00000000000040678571622265736
65	-0.00000000000015631940186722204
66	0.00000000000026290081223123707
67	0.00000000000026911806116913795
68	-0.00000000000002398081733190338
69	0.00000000000025224267119483557
70	-0.00000000000012789769243681803
71	-0.00000000000037125857943465235
72	0.00000000000013500311979441904
73	-0.00000000000008171241461241152
74	-0.00000000000003907985046680551
75	0.000000000000010658141036401503
76	-0.00000000000004973799150320701
77	0.0000000000006252776074688882
78	-0.0000000000006110667527536862
79	-0.00000000000007460698725481052
80	0.00000000000013855583347321954
81	0.00000000000013500311979441904
82	-0.0000000000005595524044110789
83	0.00000000000028954616482224083
84	0.00000000000031796787425264483
85	-0.0000000000002184918912462308
86	-0.000000000000041744385725905886
87	-0.0000000000005546674231027282
88	-0.00000000000003419486915845482
89	-0.00000000000003885780586188048
90	0.00000000000038546943414985435
91	-0.00000000000018962609260597674
92	0.00000000000012567724638756772
93	0.0000000000001127986593019159
94	-0.0000000000005346834086594754
95	-0.0000000000004440892098500626
96	-0.0000000000004405364961712621
97	0.0000000000012647660696529783
98	-0.0000000000012008172234345693
99	-0.00000000000009237055564881302
100	-0.0000000000005666578317686799
101	0.000000000000015987211554602254
102	-0.000000000000023092638912203256
103	-0.0000000000006226130722097878
104	0.00000000000019539925233402755
105	0.0000000000005209166431541234
106	0.00000000000009414691248821327
107	-0.0000000000004516387264175137
108	0.0000000000003057554209817681
109	0.0000000000009587886040662852
110	0.0000000000004831690603168681
111	-0.00000000000032951419370874646
112	-0.0000000000005160316618457728
113	-0.0000000000003872457909892546
114	-0.0000000000008384404281969182
115	0.0000000000005933031843596837
116	-0.00000000000007283063041541027
117	-0.0000000000004920508445138694
118	0.000000000000006217248937900877
119	0.00000000000017763568394002505
120	-0.00000000000020694557179012918
121	-0.00000000000034017233474514796
122	0.0000000000004289901767151605
123	-0.0000000000002779998453661392
124	-0.000000000000389910326248355
125	-0.00000000000023803181647963356
126	0.00000000000004973799150320701
127	-0.000000000000794031507211912
128	-0.000000000000009325873406851315
129	0.0000000000006137312880127865
130	-0.0000000000007389644451905042
131	-0.00000000000022026824808563106
132	0.00000000000011102230246251565
133	0.00000000000028954616482224083
134	-0.00000000000012878587085651816
135	0.0000000000000879296635503124
136	0.0000000000006021849685566849
137	0.000000000000453859172466764
138	-0.0000000000005409006575973763
139	0.00000000000027355895326763857
140	0.00000000000012256862191861728
141	0.00000000000009592326932761353
142	-0.00000000000018474111129762605
143	0.0000000000008135714324453147
144	0.00000000000006572520305780927
145	0.00000000000024291679778798425
146	0.0000000000007673861546209082
147	-0.00000000000018207657603852567
148	-0.00000000000042166270475263445
149	0.0000000000005171418848703979
150	0.00000000000009414691248821327
151	0.0000000000004036770917537069
152	0.0000000000004884981308350689
153	0.00000000000021760371282653068
154	0.00000000000011102230246251565
155	0.00000000000005861977570020827
156	-0.00000000000019539925233402755
157	0.0000000000012896350654045818
158	-0.00000000000028421709430404007
159	-0.00000000000005684341886080802
160	0.0000000000003659295089164516
161	-0.0000000000004884981308350689
162	-0.0000000000002540190280342358
163	-0.0000000000005684341886080801
164	-0.000000000000023092638912203256
165	-0.0000000000002402522625288839
166	-0.00000000000027844393457598926
167	0.0000000000005626610288800293
168	-0.0000000000007653877531765829
169	-0.000000000000032862601528904634
170	0.0000000000004303224443447107
171	-0.0000000000006910028105266974
172	-0.000000000000032862601528904634
173	0.00000000000035793590313915047
174	0.0000000000019380053117856733
175	-0.0000000000007176481631177012
176	-0.00000000000027000623958883807
177	0.00000000000007460698725481052
178	-0.0000000000006252776074688882
179	0.0000000000002984279490192421
180	-0.0000000000004014566457044566
181	-0.0000000000002984279490192421
182	-0.00000000000030020430585864233
183	-0.00000000000015631940186722204
184	0.0000000000004583000645652646
185	-0.0000000000013500311979441904
186	0.0000000000006048495038157853
187	0.0000000000007132072710192006
188	0.0000000000010045297926808416
189	0
190	-0.0000000000001723066134218243
191	0.0000000000006821210263296962
192	-0.0000000000007052136652418994
193	-0.0000000000003659295089164516
194	0.0000000000024655832930875476
195	-0.0000000000008952838470577262
196	0.00000000000003197442310920451
197	0.0000000000009947598300641403
198	-0.00000000000027000623958883807
199	-0.00000000000023092638912203256
200	-0.0000000000012594369991347776
201	0.0000000000007078782005009998
202	-0.0000000000011253220577600587
203	0.000000000000624389429049188
204	-0.0000000000008988365607365267
205	-0.000000000000019539925233402755
206	0.0000000000009823253321883385
207	0.0000000000009912071163853398
208	-0.00000000000015276668818842154
209	-0.0000000000006785683126508957
210	-0.00000000000043876013933186186
211	0.0000000000007243095012654521
212	0.0000000000004147793219999585
213	-0.00000000000015276668818842154
214	0.00000000000005728750807065808
215	0.00000000000017541523789077473
216	0.00000000000010969003483296547
217	-0.0000000000001758593271006248
218	0.0000000000005240252676230739
219	-0.0000000000005231370892033738
220	0.0000000000003552713678800501
221	0.0000000000007247535904753022
222	-0.0000000000004121147867408581
223	-0.0000000000012860823517257813
224	-0.0000000000004654054919228656
225	-0.0000000000014104273304837989
226	-0.00000000000028377300509419
227	-0.00000000000003752553823233029
228	-0.0000000000000985878045867139
229	-0.00000000000034283687000424834
230	0.000000000000844213587924969
231	-0.00000000000030953017926549364
232	0.000000000000623945339839338
233	-0.0000000000008117950756059145
234	0.0000000000012398970739013748
235	-0.0000000000001474376176702208
236	0.0000000000011475265182525618
237	0.0000000000010107470416187425
238	0.0000000000011723955140041653
239	0.000000000004050093593832571
240	-0.0000000000021316282072803006
241	-0.0000000000007460698725481052
242	0.0000000000010587086762825493
243	0.00000000000010391687510491465
244	-0.0000000000003517186542012496
245	0.000000000000844213587924969
246	-0.000000000000808686451136964
247	-0.0000000000006186162693211372
248	-0.000000000000015987211554602254
249	0.0000000000011897149931883177
250	-0.0000000000005981881656680343
251	-0.00000000000008615330671091215
252	-0.0000000000006770140004164205
253	0.00000000000033306690738754696
254	-0.0000000000005413447468072263
255	-0.00000000000014599432773820809
